start=43.500000
ab-loop-a=0.167000
