start=14.216000
speed=1.210000
